3.025275
4.399448
2.569828
2.525892
3.540474
3.120706
3.018432
3.598806
3.372301
4.476760
2.117977
2.541217
2.736926
2.290848
3.662187
2.798894
3.371654
2.038839
2.504099
2.329521
1.796209
2.248452
2.636248
1.919929
3.296969
2.312766
1.541765
2.686633
3.503731
2.413990
1.953855
2.824575
1.832409
2.691894
2.604136
1.980067
3.417197
4.628174
3.315799
3.217257
6.803217
2.859522
3.366908
2.268385
3.741572
1.739704
3.993728
2.493399
3.391984
1.586586
3.726469
2.920067
3.858798
2.161912
2.401088
3.710318
3.048368
2.606343
6.799716
1.609269
2.973136
2.594458
2.579000
2.095404
1.975260
3.178499
3.026866
5.208972
3.655046
3.864659
1.772083
2.398794
2.233553
2.021807
2.836141
2.096744
3.798104
3.443368
2.381168
2.195455
1.655621
2.746047
3.112146
3.982919
3.475598
2.289566
3.687104
3.812534
2.854262
2.502925
3.647784
1.872278
2.887162
3.179915
1.594307
1.924511
1.917347
3.916885
2.367402
2.129830
4.684072
3.361859
2.953104
5.706452
3.522065
3.179005
2.306601
1.993789
4.208141
2.255048
3.193359
2.405952
1.824664
2.842670
2.717401
1.571471
2.211541
3.484119
2.411715
3.223413
3.553099
1.949620
2.300592
1.156100
4.169982
2.117219
2.779076
1.451593
2.663061
1.620409
2.922105
3.667523
2.218570
1.785911
4.028192
3.088127
1.813519
3.732339
10.455100
4.144078
2.954587
3.206770
2.584363
2.202852
3.581607
3.920367
3.417801
2.770012
2.423724
2.351816
2.845649
2.724603
2.407596
1.944069
3.759278
3.295589
2.770076
4.826135
2.203091
2.643187
3.105235
3.645783
2.994863
1.945118
5.782970
3.162568
3.265124
1.414151
1.917416
3.670719
5.797712
2.111607
2.074064
2.420966
4.741747
3.172912
2.211483
2.550658
3.386152
3.179140
2.249729
8.611748
1.114680
3.673467
2.807361
1.940175
2.564567
2.850695
2.714198
1.991323
3.117829
2.640758
3.758044
2.070598
2.423201
2.951839
2.483629
2.249087
2.857202
3.091208
1.869492
1.899005
2.872914
2.781053
1.502230
2.435462
4.903047
3.813990
3.366134
2.658607
2.301107
2.536697
3.720560
3.221581
2.688402
3.075223
4.019154
3.608012
2.138891
3.147359
1.728280
3.574068
2.596911
3.706385
4.602830
2.487975
4.546291
2.183698
1.582832
2.010850
1.950384
2.684680
1.427014
3.539285
1.765962
3.684941
3.738864
3.274754
2.674780
5.082842
3.117140
1.898155
3.053037
2.475229
2.812605
2.719256
1.929632
2.049838
2.256617
2.920919
2.113067
2.066447
2.668662
3.269188
2.004583
3.761394
3.780141
2.255924
3.595885
3.413289
2.490448
1.958635
2.482924
2.220912
2.609259
2.129090
2.044991
2.208078
2.375267
4.003460
2.141012
2.723935
3.434729
2.031332
2.798994
2.978047
2.329080
2.983193
3.933901
3.856172
4.691007
3.304160
5.360164
4.783297
2.057899
3.471269
2.318712
3.517922
3.789490
2.347696
4.303888
1.709048
1.919856
2.079794
3.027403
2.414038
2.470994
2.294183
1.589089
3.990223
1.781748
4.180861
3.812396
3.407740
1.721114
2.238999
2.747136
3.729101
2.244697
3.424025
3.274039
4.202785
4.607876
1.748523
2.733077
3.548261
1.109308
4.272402
2.444405
3.085247
1.900331
1.585078
2.948659
2.960502
2.055129
1.555374
2.460243
2.529963
1.979351
2.392749
4.307783
3.957471
2.030164
5.741641
4.387709
3.707690
6.579543
1.617361
1.875731
4.189352
4.645345
5.091018
1.866712
2.359086
3.117040
1.975501
1.869871
2.526501
3.565129
1.452652
2.945054
1.959988
1.776345
4.120648
2.185214
3.050123
1.987694
2.201725
2.476369
3.211031
2.691660
1.948449
3.730755
2.392804
2.560276
6.044544
2.241609
1.781827
3.550951
1.582803
2.250190
1.811089
2.390487
2.571039
1.380677
1.762947
3.006112
3.712439
2.504886
4.964291
2.483412
2.168820
2.162045
2.615548
2.889013
3.443305
2.937206
2.097790
1.999964
3.562376
1.925526
3.060297
1.982298
3.206083
3.218811
3.630095
5.688205
2.273187
3.211234
3.124138
3.422571
2.305937
1.911180
4.573804
2.168516
2.157619
5.369523
1.814414
2.101497
1.708977
2.086257
3.656315
2.486934
3.386511
2.500639
2.074574
2.145947
3.170389
4.619859
2.902373
2.727495
2.864371
3.339700
1.735534
2.065674
3.093797
2.389626
1.710175
3.553412
2.475755
3.262202
4.608008
3.194194
5.119139
2.073719
2.009667
3.096376
2.404937
2.411485
2.980737
2.257534
1.812813
4.005739
3.021539
3.951271
4.519562
3.015861
2.785868
2.446699
1.362504
4.008180
2.406662
3.668648
2.200474
2.897713
1.205278
4.968911
1.536963
1.665653
5.548587
2.596236
2.500341
5.882842
3.272795
7.522666
3.153112
2.683586
2.562340
3.662655
1.547847
4.276042
3.189368
4.070547
2.443332
3.495800
4.920453
3.610058
2.148777
4.419417
1.803942
2.203644
3.036638
2.457039
2.349121
5.138230
1.564735
2.476890
3.198688
1.833897
1.957805
2.637439
2.838007
3.349049
5.229229
4.440862
4.622627
2.317688
3.551455
2.015842
2.115066
3.888269
4.813652
2.582572
2.114114
2.512065
1.872810
4.817780
1.639359
3.922682
1.990087
1.614082
1.985150
